{
 "cells": [
  {
   "cell_type": "markdown",
   "metadata": {},
   "source": [
    "# NGC 5"
   ]
  },
  {
   "cell_type": "code",
   "execution_count": 1,
   "metadata": {},
   "outputs": [],
   "source": [
    "import numpy as np\n",
    "import matplotlib.pyplot as plt"
   ]
  },
  {
   "cell_type": "code",
   "execution_count": 2,
   "metadata": {},
   "outputs": [
    {
     "data": {
      "text/plain": [
       "array([[[23, 50],\n",
       "        [ 7, 12]],\n",
       "\n",
       "       [[57, 67],\n",
       "        [99, 43]],\n",
       "\n",
       "       [[75, 21],\n",
       "        [57, 12]],\n",
       "\n",
       "       [[87, 26],\n",
       "        [18, 84]]])"
      ]
     },
     "execution_count": 2,
     "metadata": {},
     "output_type": "execute_result"
    }
   ],
   "source": [
    "# 1. Buatlah Tensor dibawah ini dengan Python:\n",
    "\n",
    "A = np.array([[23, 50], [7, 12]])\n",
    "B = np.array([[57, 67], [99, 43]])\n",
    "C = np.array([[75, 21], [57, 12]])\n",
    "D = np.array([[87, 26], [18, 84]])\n",
    "\n",
    "tensor = np.array([A, B, C, D])\n",
    "tensor"
   ]
  },
  {
   "cell_type": "code",
   "execution_count": 12,
   "metadata": {},
   "outputs": [
    {
     "name": "stdout",
     "output_type": "stream",
     "text": [
      "[[ 23   7  57]\n",
      " [ 50  12  67]\n",
      " [ 19 109  98]] [[17 22 19]]\n"
     ]
    }
   ],
   "source": [
    "# 2. Lakukan perkalian terhadap matrix berikut:\n",
    "\n",
    "A = np.array([[23, 7, 57], [50, 12, 67], [19, 109, 98]])\n",
    "B = np.array([[17, 22, 19]])\n",
    "print(A,B)"
   ]
  },
  {
   "cell_type": "code",
   "execution_count": 4,
   "metadata": {},
   "outputs": [
    {
     "data": {
      "text/plain": [
       "array([[ 391,  154, 1083],\n",
       "       [ 850,  264, 1273],\n",
       "       [ 323, 2398, 1862]])"
      ]
     },
     "execution_count": 4,
     "metadata": {},
     "output_type": "execute_result"
    }
   ],
   "source": [
    "A * B"
   ]
  },
  {
   "cell_type": "code",
   "execution_count": 11,
   "metadata": {},
   "outputs": [
    {
     "data": {
      "text/plain": [
       "array([[ 23,   7,  57],\n",
       "       [ 50,  12,  67],\n",
       "       [ 19, 109,  98]])"
      ]
     },
     "execution_count": 11,
     "metadata": {},
     "output_type": "execute_result"
    }
   ],
   "source": [
    "# 3. Lakukan Transpose, hitung determinan, dan inverse terhadap matrix dibawah ini:\n",
    "\n",
    "A = np.array([[23, 7, 57], [50, 12, 67], [19, 109, 98]])\n",
    "A"
   ]
  },
  {
   "cell_type": "code",
   "execution_count": 14,
   "metadata": {},
   "outputs": [
    {
     "data": {
      "text/plain": [
       "array([[ 23,  50,  19],\n",
       "       [  7,  12, 109],\n",
       "       [ 57,  67,  98]])"
      ]
     },
     "execution_count": 14,
     "metadata": {},
     "output_type": "execute_result"
    }
   ],
   "source": [
    "# Transpose\n",
    "\n",
    "A_trns = A.T\n",
    "A_trns"
   ]
  },
  {
   "cell_type": "code",
   "execution_count": 15,
   "metadata": {},
   "outputs": [
    {
     "data": {
      "text/plain": [
       "131343.99999999997"
      ]
     },
     "execution_count": 15,
     "metadata": {},
     "output_type": "execute_result"
    }
   ],
   "source": [
    "# Determinan\n",
    "\n",
    "np.linalg.det(A)"
   ]
  },
  {
   "cell_type": "code",
   "execution_count": 16,
   "metadata": {},
   "outputs": [
    {
     "data": {
      "text/plain": [
       "131344.0000000002"
      ]
     },
     "execution_count": 16,
     "metadata": {},
     "output_type": "execute_result"
    }
   ],
   "source": [
    "np.linalg.det(A_trns)"
   ]
  },
  {
   "cell_type": "code",
   "execution_count": 17,
   "metadata": {},
   "outputs": [
    {
     "data": {
      "text/plain": [
       "array([[-0.0466485 ,  0.04208034, -0.00163692],\n",
       "       [-0.02761451,  0.00891552,  0.0099662 ],\n",
       "       [ 0.03975819, -0.01807467, -0.00056341]])"
      ]
     },
     "execution_count": 17,
     "metadata": {},
     "output_type": "execute_result"
    }
   ],
   "source": [
    "# Inverse\n",
    "np.linalg.inv(A)"
   ]
  },
  {
   "cell_type": "code",
   "execution_count": 18,
   "metadata": {},
   "outputs": [
    {
     "data": {
      "text/plain": [
       "array([[-0.0466485 , -0.02761451,  0.03975819],\n",
       "       [ 0.04208034,  0.00891552, -0.01807467],\n",
       "       [-0.00163692,  0.0099662 , -0.00056341]])"
      ]
     },
     "execution_count": 18,
     "metadata": {},
     "output_type": "execute_result"
    }
   ],
   "source": [
    "np.linalg.inv(A_trns)"
   ]
  }
 ],
 "metadata": {
  "kernelspec": {
   "display_name": "Python 3.9.13 ('base')",
   "language": "python",
   "name": "python3"
  },
  "language_info": {
   "codemirror_mode": {
    "name": "ipython",
    "version": 3
   },
   "file_extension": ".py",
   "mimetype": "text/x-python",
   "name": "python",
   "nbconvert_exporter": "python",
   "pygments_lexer": "ipython3",
   "version": "3.9.13"
  },
  "orig_nbformat": 4,
  "vscode": {
   "interpreter": {
    "hash": "fb8e96bab5497db2e3ba4164333414b1d50742fa963cda73889f8b0144f64d6b"
   }
  }
 },
 "nbformat": 4,
 "nbformat_minor": 2
}
